"TOA5","7134","CR1000X","7134","CR1000X.Std.05.01","CPU:cr1000_1_MH.CR1x","41629","Raw"
"TIMESTAMP","RECORD","wind1(1)","wind1(2)","wind1(3)","wind1(4)","wind1(5)"
"TS","RN","","","","",""
"","","Smp","Smp","Smp","Smp","Smp"
"2023-08-11 09:19:19.5",85425,"NAN","NAN","NAN","NAN","NAN"
"2023-08-11 09:19:20",85426,-0.87,-0.3,0.08,21.22,0
"2023-08-11 09:19:20.5",85427,-0.83,-0.4,0.23,21.2,0
"2023-08-11 09:19:21",85428,-0.79,-0.44,0.31,21.23,0
"2023-08-11 09:19:21.5",85429,-0.87,-0.27,0.06,21.08,0
"2023-08-11 09:19:22",85430,-1.29,-0.13,0,21.2,0
"2023-08-11 09:19:22.5",85431,-0.88,-0.66,0.08,21.39,0
"2023-08-11 09:19:23",85432,-0.97,-0.46,-0.13,21.47,0
"2023-08-11 09:19:23.5",85433,-1.17,-0.25,-0.14,21.35,0
"2023-08-11 09:19:24",85434,-0.95,-0.34,0.08,21.34,0
"2023-08-11 09:19:24.5",85435,-0.63,-0.59,0.4,21.34,0
"2023-08-11 09:19:25",85436,-0.94,-0.66,0.27,21.05,0
"2023-08-11 09:19:25.5",85437,-0.66,-0.8,0.38,21.15,0
"2023-08-11 09:19:26",85438,-0.71,-0.66,0.31,21.17,0
"2023-08-11 09:19:26.5",85439,-0.67,-0.73,0.28,20.93,0
"2023-08-11 09:19:27",85440,-0.77,-0.51,0.24,20.93,0
"2023-08-11 09:19:27.5",85441,-0.55,-0.42,0.22,21,0
"2023-08-11 09:19:28",85442,-0.53,-0.31,0.16,21.11,0
"2023-08-11 09:19:28.5",85443,-0.46,-0.28,0.09,21.2,0
"2023-08-11 09:19:29",85444,-0.51,-0.28,-0.09,21.1,0
"2023-08-11 09:19:29.5",85445,-0.55,-0.35,-0.23,21.18,0
"2023-08-11 09:19:30",85446,-0.58,-0.36,-0.25,21.27,0
"2023-08-11 09:19:30.5",85447,-0.6,-0.44,-0.2,21.25,0
"2023-08-11 09:19:31",85448,-0.21,-0.43,-0.08,21.42,0
"2023-08-11 09:19:31.5",85449,-0.14,-0.3,-0.21,21.37,0
"2023-08-11 09:19:32",85450,-0.32,-0.46,-0.02,21.37,0
"2023-08-11 09:19:32.5",85451,-0.2,-0.42,-0.01,21.34,0
"2023-08-11 09:19:33",85452,-0.02,-0.37,-0.06,21.29,0
"2023-08-11 09:19:33.5",85453,0.09,-0.41,0.09,21.32,0
"2023-08-11 09:19:34",85454,0.05,-0.4,0.05,21.25,0
"2023-08-11 09:19:34.5",85455,-0.09,-0.28,0.01,21.23,0
"2023-08-11 09:19:35",85456,-0.11,-0.36,-0.04,21.2,0
"2023-08-11 09:19:35.5",85457,-0.21,-0.25,-0.01,21.34,0
"2023-08-11 09:19:36",85458,-0.35,-0.42,-0.02,21.39,0
"2023-08-11 09:19:36.5",85459,-0.31,-0.41,0.02,21.34,0
"2023-08-11 09:19:37",85460,-0.24,-0.44,0.09,21.37,0
"2023-08-11 09:19:37.5",85461,-0.15,-0.41,0.02,21.39,0
"2023-08-11 09:19:38",85462,-0.35,-0.5,-0.02,21.34,0
"2023-08-11 09:19:38.5",85463,-0.28,-0.37,0.04,21.37,0
"2023-08-11 09:19:39",85464,-0.61,-0.27,0,21.34,0
"2023-08-11 09:19:39.5",85465,-0.49,-0.43,-0.02,21.34,0
"2023-08-11 09:19:40",85466,-0.74,-0.49,0.01,21.3,0
"2023-08-11 09:19:40.5",85467,-0.7,-0.48,0.23,21.32,0
"2023-08-11 09:19:41",85468,-0.82,-0.53,-0.03,21.29,0
"2023-08-11 09:19:41.5",85469,-0.81,-0.51,0.04,21.29,0
"2023-08-11 09:19:42",85470,-0.76,-0.09,-0.11,21.25,0
"2023-08-11 09:19:42.5",85471,-0.45,-0.01,-0.16,21.25,0
"2023-08-11 09:19:43",85472,-0.44,-0.14,-0.14,21.29,0
"2023-08-11 09:19:43.5",85473,-0.49,-0.23,-0.07,21.29,0
"2023-08-11 09:19:44",85474,-0.58,-0.17,0.08,21.3,0
"2023-08-11 09:19:44.5",85475,-0.42,0.04,-0.11,21.29,0
"2023-08-11 09:19:45",85476,-0.44,-0.01,-0.04,21.25,0
"2023-08-11 09:19:45.5",85477,-0.87,0.36,0,21.34,0
"2023-08-11 09:19:46",85478,-0.63,0.29,0.11,21.35,0
"2023-08-11 09:19:46.5",85479,-0.66,0.32,0.65,21.37,0
"2023-08-11 09:19:47",85480,-0.51,-0.32,0.55,21.47,0
"2023-08-11 09:19:47.5",85481,-0.44,-0.35,0.24,21.42,0
"2023-08-11 09:19:48",85482,-0.69,-0.27,0.14,21.25,0
"2023-08-11 09:19:48.5",85483,-1.39,0.35,-0.02,21.56,0
"2023-08-11 09:19:49",85484,-1.3,0.08,-0.05,21.46,0
"2023-08-11 09:19:49.5",85485,-1.28,-0.01,-0.05,21.37,0
"2023-08-11 09:19:50",85486,-1.17,-0.09,0.3,21.47,0
"2023-08-11 09:19:50.5",85487,-0.88,-0.12,0.09,21.56,0
"2023-08-11 09:19:51",85488,-0.93,-0.12,0.32,21.71,0
"2023-08-11 09:19:51.5",85489,-1.32,-0.22,0.41,21.73,0
"2023-08-11 09:19:52",85490,-1.2,-0.11,0.49,21.39,0
"2023-08-11 09:19:52.5",85491,-1.19,0.12,0.39,21.37,0
"2023-08-11 09:19:53",85492,-1.24,0.23,0.17,21.37,0
"2023-08-11 09:19:53.5",85493,-1.6,0.12,-0.22,21.42,0
"2023-08-11 09:19:54",85494,-1.24,-0.44,0.47,21.37,0
"2023-08-11 09:19:54.5",85495,-1.33,-0.44,0.38,21.37,0
"2023-08-11 09:19:55",85496,-1.31,0.05,0.27,21.59,0
"2023-08-11 09:19:55.5",85497,-1.15,-0.17,0.27,21.59,0
"2023-08-11 09:19:56",85498,-1.24,-0.18,0.24,21.18,0
"2023-08-11 09:19:56.5",85499,-1.5,-0.45,0.54,21.25,0
"2023-08-11 09:19:57",85500,-1.52,-0.43,-0.06,21.23,0
"2023-08-11 09:19:57.5",85501,-1.43,-0.02,0.09,21.27,0
"2023-08-11 09:19:58",85502,-1.38,0.12,0.16,21.42,0
"2023-08-11 09:19:58.5",85503,-1.86,0.25,0.36,21.64,0
"2023-08-11 09:19:59",85504,-1.51,0.3,0.54,22.21,0
"2023-08-11 09:19:59.5",85505,-1.29,0.3,0.36,21.41,0
"2023-08-11 09:20:00",85506,-1.17,0.17,0.34,21.47,0
"2023-08-11 09:20:00.5",85507,-1.01,0.13,-0.13,21.34,0
"2023-08-11 09:20:01",85508,-0.89,-0.06,-0.08,21.29,0
"2023-08-11 09:20:01.5",85509,-0.82,0.22,-0.02,21.37,0
"2023-08-11 09:20:02",85510,-0.9,0.08,0.04,21.41,0
"2023-08-11 09:20:02.5",85511,-0.91,-0.01,0.25,21.47,0
"2023-08-11 09:20:03",85512,-0.96,0.2,-0.17,21.25,0
"2023-08-11 09:20:03.5",85513,-0.63,0.21,-0.11,21.2,0
"2023-08-11 09:20:04",85514,-0.84,0.17,0.25,21.49,0
"2023-08-11 09:20:04.5",85515,-0.75,0.33,0.04,21.29,0
"2023-08-11 09:20:05",85516,-0.86,0.11,-0.21,20.98,0
"2023-08-11 09:20:05.5",85517,-0.53,0,0.18,21.23,0
"2023-08-11 09:20:06",85518,-1.04,0.01,0.26,21.46,0
"2023-08-11 09:20:06.5",85519,-0.97,-0.13,0.23,21.37,0
"2023-08-11 09:20:07",85520,-0.89,0,-0.08,21.11,0
"2023-08-11 09:20:07.5",85521,-0.93,0.04,0.03,21.25,0
"2023-08-11 09:20:08",85522,-1.09,0.16,-0.26,21.13,0
"2023-08-11 09:20:08.5",85523,-1.18,0.42,-0.35,21.34,0
"2023-08-11 09:20:09",85524,-0.97,0.62,-0.2,21.23,0
"2023-08-11 09:20:09.5",85525,-1.02,0.57,0.12,21.2,0
"2023-08-11 09:20:10",85526,-1.03,0.35,-0.28,21.25,0
"2023-08-11 09:20:10.5",85527,-0.88,0.22,-0.05,21.25,0
"2023-08-11 09:20:11",85528,-1.12,0.12,0.05,21.34,0
"2023-08-11 09:20:11.5",85529,-1.08,-0.16,0.08,21.56,0
"2023-08-11 09:20:12",85530,-0.93,0.22,-0.03,21.29,0
"2023-08-11 09:20:12.5",85531,-0.96,-0.22,-0.02,21.56,0
"2023-08-11 09:20:13",85532,-0.95,-0.13,-0.06,21.54,0
"2023-08-11 09:20:13.5",85533,-1.03,-0.09,0.05,21.37,0
"2023-08-11 09:20:14",85534,-0.93,-0.04,0.13,21.47,0
"2023-08-11 09:20:14.5",85535,-1.14,-0.31,0.14,21.46,0
"2023-08-11 09:20:15",85536,-0.88,-0.3,0.18,21.54,0
"2023-08-11 09:20:15.5",85537,-0.85,-0.41,0.38,21.64,0
"2023-08-11 09:20:16",85538,-0.79,-0.16,0.39,21.88,0
"2023-08-11 09:20:16.5",85539,-0.7,-0.01,0.42,22.02,0
"2023-08-11 09:20:17",85540,-0.77,-0.05,0.41,21.97,0
"2023-08-11 09:20:17.5",85541,-0.88,0.17,0.4,21.39,0
"2023-08-11 09:20:18",85542,-0.85,0.26,0.41,21.23,0
"2023-08-11 09:20:18.5",85543,-0.83,0.45,0.13,21.1,0
"2023-08-11 09:20:19",85544,-0.97,0.46,0.21,21.23,0
"2023-08-11 09:20:19.5",85545,-0.85,0.26,0.28,21.29,0
"2023-08-11 09:20:20",85546,-0.93,0.26,0.12,21.2,0
"2023-08-11 09:20:20.5",85547,-0.92,0.35,0.11,21.41,0
"2023-08-11 09:20:21",85548,-0.71,0.45,0.07,21.27,0
"2023-08-11 09:20:21.5",85549,-0.62,0.45,0.1,21.34,0
"2023-08-11 09:20:22",85550,-0.86,0.54,-0.01,21.34,0
"2023-08-11 09:20:22.5",85551,-0.72,0.23,-0.04,21.29,0
"2023-08-11 09:20:23",85552,-0.84,0.29,0.13,21.27,0
"2023-08-11 09:20:23.5",85553,-0.74,0.25,0.24,21.42,0
"2023-08-11 09:20:24",85554,-0.8,0.25,0.24,21.32,0
"2023-08-11 09:20:24.5",85555,-0.84,0.38,0.13,21.27,0
"2023-08-11 09:20:25",85556,-0.99,0.3,0.28,21.15,0
"2023-08-11 09:20:25.5",85557,-0.99,0.46,0.21,21.1,0
"2023-08-11 09:20:26",85558,-1.09,0.69,0.25,21.15,0
"2023-08-11 09:20:26.5",85559,-0.89,0.77,0.41,21.11,0
"2023-08-11 09:20:27",85560,-0.91,0.98,0.49,20.79,0
"2023-08-11 09:20:27.5",85561,-0.99,0.77,0.23,20.93,0
"2023-08-11 09:20:28",85562,-0.63,0.54,0.47,21.2,0
"2023-08-11 09:20:28.5",85563,-0.63,0.76,0.15,20.93,0
"2023-08-11 09:20:29",85564,-0.7,0.71,0.24,20.94,0
"2023-08-11 09:20:29.5",85565,-0.71,0.92,0.36,20.93,0
"2023-08-11 09:20:30",85566,-0.85,0.7,0.21,20.93,0
"2023-08-11 09:20:30.5",85567,-0.79,0.74,0.05,21.03,0
"2023-08-11 09:20:31",85568,-0.77,0.72,0.08,21.01,0
"2023-08-11 09:20:31.5",85569,-0.66,0.66,0.05,20.98,0
"2023-08-11 09:20:32",85570,-0.62,0.62,0.1,21.01,0
"2023-08-11 09:20:32.5",85571,-0.55,0.69,0.04,21.06,0
"2023-08-11 09:20:33",85572,-0.61,0.65,-0.08,21.11,0
"2023-08-11 09:20:33.5",85573,-0.6,0.65,-0.08,21.23,0
"2023-08-11 09:20:34",85574,-0.59,0.62,-0.22,21.15,0
"2023-08-11 09:20:34.5",85575,-0.76,0.61,-0.19,20.89,0
"2023-08-11 09:20:35",85576,-0.73,0.53,-0.3,20.98,0
"2023-08-11 09:20:35.5",85577,-0.78,0.35,-0.28,21.01,0
"2023-08-11 09:20:36",85578,-0.77,0.53,-0.04,21.01,0
"2023-08-11 09:20:36.5",85579,-0.84,0.53,-0.13,21.01,0
"2023-08-11 09:20:37",85580,-0.9,0.6,-0.04,21.01,0
"2023-08-11 09:20:37.5",85581,-0.86,0.54,-0.01,21.17,0
"2023-08-11 09:20:38",85582,-1.05,0.52,-0.11,21.1,0
"2023-08-11 09:20:38.5",85583,-1.21,0.65,-0.07,21.05,0
"2023-08-11 09:20:39",85584,-0.92,0.64,0,20.94,0
"2023-08-11 09:20:39.5",85585,-0.97,0.81,0.16,20.98,0
"2023-08-11 09:20:40",85586,-0.82,0.83,0.01,21.03,0
"2023-08-11 09:20:40.5",85587,-0.84,1.01,0.04,21.06,0
"2023-08-11 09:20:41",85588,-0.97,0.96,-0.17,20.81,0
"2023-08-11 09:20:41.5",85589,-1.07,1.07,-0.22,20.93,0
"2023-08-11 09:20:42",85590,-1.18,1.39,-0.07,20.93,0
"2023-08-11 09:20:42.5",85591,-1.01,1.2,-0.16,20.79,0
"2023-08-11 09:20:43",85592,-1.17,1.28,-0.34,20.69,0
"2023-08-11 09:20:43.5",85593,-1.15,1.34,-0.55,20.79,0
"2023-08-11 09:20:44",85594,-1.41,1.44,-0.54,20.6,0
"2023-08-11 09:20:44.5",85595,-1.45,1.4,-0.55,20.88,0
"2023-08-11 09:20:45",85596,-1.17,1.15,0.02,20.74,0
"2023-08-11 09:20:45.5",85597,-1.33,1.38,0.25,20.82,0
"2023-08-11 09:20:46",85598,-0.96,0.96,0.17,20.74,0
"2023-08-11 09:20:46.5",85599,-1.05,1.06,-0.41,20.79,0
"2023-08-11 09:20:47",85600,-0.88,0.79,-0.15,20.89,0
"2023-08-11 09:20:47.5",85601,-0.57,0.5,-0.03,20.96,0
"2023-08-11 09:20:48",85602,-0.5,0.53,-0.09,20.93,0
"2023-08-11 09:20:48.5",85603,-0.98,0.81,-0.12,20.98,0
"2023-08-11 09:20:49",85604,-1.05,0.97,-0.13,20.98,0
"2023-08-11 09:20:49.5",85605,-1.09,0.53,-0.1,20.89,0
"2023-08-11 09:20:50",85606,-1.52,0.52,0,20.88,0
"2023-08-11 09:20:50.5",85607,-1.18,0.98,0.08,20.82,0
"2023-08-11 09:20:51",85608,-1.54,1.23,-0.32,20.53,0
"2023-08-11 09:20:51.5",85609,-1.85,1.52,-0.61,20.83,0
"2023-08-11 09:20:52",85610,-1.44,1.54,0.05,20.96,0
"2023-08-11 09:20:52.5",85611,-1.53,1.11,0.18,21.06,0
"2023-08-11 09:20:53",85612,-1.35,1.22,0.27,20.89,0
"2023-08-11 09:20:53.5",85613,-1.27,0.84,0.1,20.52,0
"2023-08-11 09:20:54",85614,-1.3,1.39,-0.49,20.38,0
"2023-08-11 09:20:54.5",85615,-1.05,1.1,-0.54,20.4,0
"2023-08-11 09:20:55",85616,-0.78,1.34,-0.34,20.6,0
"2023-08-11 09:20:55.5",85617,-1.26,1.14,-0.06,20.45,0
"2023-08-11 09:20:56",85618,-0.98,1.54,-0.62,20.69,0
"2023-08-11 09:20:56.5",85619,-1.2,1.21,-0.62,20.55,0
"2023-08-11 09:20:57",85620,-1.01,1.07,-0.45,20.7,0
"2023-08-11 09:20:57.5",85621,-1.31,1.06,-0.43,20.69,0
"2023-08-11 09:20:58",85622,-1.08,1.28,-0.3,20.7,0
"2023-08-11 09:20:58.5",85623,-0.77,1.49,-0.87,20.79,0
"2023-08-11 09:20:59",85624,-0.94,1.29,-0.21,20.86,0
"2023-08-11 09:20:59.5",85625,-1.11,1.61,0,20.67,0
"2023-08-11 09:21:00",85626,-0.97,1.27,-0.05,20.65,0
"2023-08-11 09:21:00.5",85627,-0.56,1.47,0.55,20.69,0
"2023-08-11 09:21:01",85628,-0.68,1.51,0.58,20.65,0
"2023-08-11 09:21:01.5",85629,-0.58,1.5,0.2,20.26,0
"2023-08-11 09:21:02",85630,-0.54,1.68,0.25,20.43,0
"2023-08-11 09:21:02.5",85631,-0.63,1.59,0.13,20.43,0
"2023-08-11 09:21:03",85632,-0.72,1.58,0.2,20.77,0
"2023-08-11 09:21:03.5",85633,-0.64,1.52,0,20.93,0
"2023-08-11 09:21:04",85634,-0.6,1.64,0.01,20.62,0
"2023-08-11 09:21:04.5",85635,-0.86,1.59,0.1,20.91,0
"2023-08-11 09:21:05",85636,-0.49,1.72,0.46,20.86,0
"2023-08-11 09:21:05.5",85637,-0.8,1.56,0.11,21.01,0
"2023-08-11 09:21:06",85638,-1.18,1.46,0.09,20.88,0
"2023-08-11 09:21:06.5",85639,-0.93,1.3,0.2,20.81,0
"2023-08-11 09:21:07",85640,-0.78,1.46,0.56,20.82,0
"2023-08-11 09:21:07.5",85641,-1.03,1.61,0.6,20.77,0
"2023-08-11 09:21:08",85642,-1.23,1.45,0.45,21.15,0
"2023-08-11 09:21:08.5",85643,-0.98,1.7,0.65,20.77,0
"2023-08-11 09:21:09",85644,-1.07,1.35,0.44,21.06,0
"2023-08-11 09:21:09.5",85645,-1.5,0.95,0.09,21.2,0
"2023-08-11 09:21:10",85646,-1.17,0.89,0.09,21.2,0
"2023-08-11 09:21:10.5",85647,-1.17,0.66,0.05,21.29,0
"2023-08-11 09:21:11",85648,-1.37,0.39,-0.05,21.34,0
"2023-08-11 09:21:11.5",85649,-1.22,0.24,-0.44,21.37,0
"2023-08-11 09:21:12",85650,-1.08,0.91,0.27,21.23,0
"2023-08-11 09:21:12.5",85651,-1.5,0.62,0.14,21.25,0
"2023-08-11 09:21:13",85652,-1.2,0.35,0.19,21.06,0
"2023-08-11 09:21:13.5",85653,-1.22,0.33,0.2,21.35,0
"2023-08-11 09:21:14",85654,-0.8,0.61,0.34,21.01,0
"2023-08-11 09:21:14.5",85655,-0.93,0.59,0.44,20.91,0
"2023-08-11 09:21:15",85656,-1.04,0.49,0.42,20.88,0
"2023-08-11 09:21:15.5",85657,-1.22,0.46,0.33,21.1,0
"2023-08-11 09:21:16",85658,-0.98,0.05,0.05,21.17,0
"2023-08-11 09:21:16.5",85659,-0.72,-0.14,0.1,21.22,0
"2023-08-11 09:21:17",85660,-0.59,-0.18,0.31,21.23,0
"2023-08-11 09:21:17.5",85661,-0.65,-0.17,-0.09,21.42,0
"2023-08-11 09:21:18",85662,-0.67,-0.13,0,21.73,0
"2023-08-11 09:21:18.5",85663,-0.43,-0.18,0.29,21.7,0
"2023-08-11 09:21:19",85664,-0.37,-0.17,0.33,21.75,0
"2023-08-11 09:21:19.5",85665,-0.36,-0.1,0.26,21.66,0
"2023-08-11 09:21:20",85666,-0.07,-0.1,0.26,21.39,0
"2023-08-11 09:21:20.5",85667,-0.21,-0.17,0.26,21.95,0
"2023-08-11 09:21:21",85668,-0.01,-0.08,0.24,21.92,0
"2023-08-11 09:21:21.5",85669,0.05,0,0.26,22.06,0
"2023-08-11 09:21:22",85670,0.02,0.01,0.24,22.14,0
"2023-08-11 09:21:22.5",85671,-0.12,0.11,0.28,21.87,0
"2023-08-11 09:21:23",85672,-0.13,-0.04,0.33,22.14,0
"2023-08-11 09:21:23.5",85673,-0.26,-0.02,0.35,21.68,0
"2023-08-11 09:21:24",85674,-0.55,0.13,0.14,21.42,0
"2023-08-11 09:21:24.5",85675,-0.58,0,0.32,21.47,0
"2023-08-11 09:21:25",85676,-0.48,-0.29,0.51,21.64,0
"2023-08-11 09:21:25.5",85677,-0.5,-0.32,0.49,21.73,0
"2023-08-11 09:21:26",85678,-0.39,-0.34,0.56,22.09,0
"2023-08-11 09:21:26.5",85679,-0.48,-0.58,0.12,20.57,0
"2023-08-11 09:21:27",85680,-0.46,-0.67,0.31,20.69,0
"2023-08-11 09:21:27.5",85681,-0.41,-0.58,0.35,20.89,0
"2023-08-11 09:21:28",85682,-0.24,-0.62,0.57,20.94,0
"2023-08-11 09:21:28.5",85683,-0.24,-0.95,0.37,21.03,0
"2023-08-11 09:21:29",85684,-0.15,-0.74,0.44,21.29,0
"2023-08-11 09:21:29.5",85685,-0.14,-0.7,0.12,21.17,0
"2023-08-11 09:21:30",85686,-0.31,-0.58,0.37,21.42,0
"2023-08-11 09:21:30.5",85687,-0.4,-0.58,0.41,20.65,0
"2023-08-11 09:21:31",85688,-0.09,-0.86,0.58,20.96,0
"2023-08-11 09:21:31.5",85689,0,-0.86,0.33,20.7,0
"2023-08-11 09:21:32",85690,-0.07,-0.41,0.47,21.15,0
"2023-08-11 09:21:32.5",85691,0.05,-0.75,0.32,20.76,0
"2023-08-11 09:21:33",85692,0,-0.49,0.42,20.93,0
"2023-08-11 09:21:33.5",85693,0.03,-0.53,0.44,20.67,0
"2023-08-11 09:21:34",85694,-0.11,-0.81,0.28,20.65,0
"2023-08-11 09:21:34.5",85695,-0.01,-0.66,0.31,20.57,0
"2023-08-11 09:21:35",85696,-0.19,-0.7,0.35,20.62,0
"2023-08-11 09:21:35.5",85697,-0.19,-0.71,0.42,20.88,0
"2023-08-11 09:21:36",85698,-0.32,-0.64,0.56,20.7,0
"2023-08-11 09:21:36.5",85699,-0.25,-0.55,0.21,20.69,0
"2023-08-11 09:21:37",85700,-0.4,-0.48,0.14,20.98,0
"2023-08-11 09:21:37.5",85701,-0.27,-0.53,0.03,20.88,0
"2023-08-11 09:21:38",85702,-0.33,-0.82,0.03,20.76,0
"2023-08-11 09:21:38.5",85703,-0.11,-0.66,0.13,20.65,0
"2023-08-11 09:21:39",85704,-0.12,-0.67,0.35,20.74,0
"2023-08-11 09:21:39.5",85705,-0.19,-0.37,0.63,20.79,0
"2023-08-11 09:21:40",85706,-0.31,-0.41,0.51,20.76,0
"2023-08-11 09:21:40.5",85707,0,-0.29,0.47,20.98,0
"2023-08-11 09:21:41",85708,0,-0.45,0.32,20.7,0
"2023-08-11 09:21:41.5",85709,-0.04,-0.37,0.7,20.76,0
"2023-08-11 09:21:42",85710,-0.25,-0.76,0.42,20.88,0
"2023-08-11 09:21:42.5",85711,-0.25,-0.84,0.56,20.65,0
"2023-08-11 09:21:43",85712,-0.29,-0.88,0.21,20.31,0
"2023-08-11 09:21:43.5",85713,-0.2,-0.83,0.32,20.31,0
"2023-08-11 09:21:44",85714,-0.4,-0.82,0.11,20.53,0
"2023-08-11 09:21:44.5",85715,-0.45,-0.95,0.05,20.24,0
"2023-08-11 09:21:45",85716,-0.37,-1.05,0.35,20.52,0
"2023-08-11 09:21:45.5",85717,-0.37,-1.13,0.51,20.38,0
"2023-08-11 09:21:46",85718,-0.3,-1.24,0.51,20.33,0
"2023-08-11 09:21:46.5",85719,-0.19,-1.03,0.55,20.6,0
"2023-08-11 09:21:47",85720,-0.49,-0.96,0.63,20.41,0
"2023-08-11 09:21:47.5",85721,-0.66,-0.87,0.34,20.52,0
"2023-08-11 09:21:48",85722,-0.53,-1.16,0.49,20.67,0
"2023-08-11 09:21:48.5",85723,-0.58,-0.57,0.15,20.67,0
"2023-08-11 09:21:49",85724,-0.69,-0.18,-0.01,20.7,0
"2023-08-11 09:21:49.5",85725,-0.72,-0.56,0.02,20.65,0
"2023-08-11 09:21:50",85726,-0.65,-0.52,0.03,20.6,0
"2023-08-11 09:21:50.5",85727,-0.76,-0.41,-0.03,20.57,0
"2023-08-11 09:21:51",85728,-0.65,-0.41,-0.08,20.57,0
"2023-08-11 09:21:51.5",85729,-0.59,-0.32,-0.18,20.57,0
"2023-08-11 09:21:52",85730,-0.7,-0.28,-0.25,20.59,0
"2023-08-11 09:21:52.5",85731,-0.68,-0.37,-0.28,20.67,0
"2023-08-11 09:21:53",85732,-0.42,-0.45,-0.35,20.59,0
"2023-08-11 09:21:53.5",85733,-0.04,-0.37,-0.32,20.74,0
"2023-08-11 09:21:54",85734,-0.15,-0.54,-0.41,20.5,0
"2023-08-11 09:21:54.5",85735,-0.24,-0.37,-0.36,20.79,0
"2023-08-11 09:21:55",85736,-0.18,-0.55,-0.53,20.36,0
"2023-08-11 09:21:55.5",85737,-0.19,-0.58,-0.34,20.43,0
"2023-08-11 09:21:56",85738,-0.06,-0.78,-0.46,20.45,0
"2023-08-11 09:21:56.5",85739,-0.01,-0.86,-0.3,20.35,0
"2023-08-11 09:21:57",85740,0.01,-0.67,-0.39,20.59,0
"2023-08-11 09:21:57.5",85741,0.05,-0.41,-0.34,20.76,0
"2023-08-11 09:21:58",85742,-0.05,-0.54,-0.25,20.53,0
"2023-08-11 09:21:58.5",85743,-0.01,-0.4,-0.12,20.52,0
"2023-08-11 09:21:59",85744,0.08,-0.3,-0.11,20.6,0
"2023-08-11 09:21:59.5",85745,0.15,-0.16,-0.25,20.65,0
"2023-08-11 09:22:00",85746,0.18,-0.17,-0.28,20.69,0
"2023-08-11 09:22:00.5",85747,0.13,-0.22,-0.21,20.65,0
"2023-08-11 09:22:01",85748,0.15,-0.34,-0.04,20.62,0
"2023-08-11 09:22:01.5",85749,0.16,-0.29,-0.1,20.62,0
"2023-08-11 09:22:02",85750,0.15,-0.34,-0.04,20.62,0
"2023-08-11 09:22:02.5",85751,0.14,-0.25,-0.05,20.67,0
"2023-08-11 09:22:03",85752,0.12,-0.21,-0.01,20.62,0
"2023-08-11 09:22:03.5",85753,0.24,-0.26,0.11,20.59,0
"2023-08-11 09:22:04",85754,0.25,-0.25,-0.04,20.59,0
"2023-08-11 09:22:04.5",85755,0.3,-0.45,-0.06,20.48,0
"2023-08-11 09:22:05",85756,0.33,-0.33,-0.01,20.47,0
"2023-08-11 09:22:05.5",85757,0.26,-0.42,0.09,20.43,0
"2023-08-11 09:22:06",85758,0.31,-0.49,0.16,20.43,0
"2023-08-11 09:22:06.5",85759,0.46,-0.6,0.23,20.35,0
"2023-08-11 09:22:07",85760,0.62,-0.61,0.25,20.35,0
"2023-08-11 09:22:07.5",85761,0.55,-0.59,0.16,20.35,0
"2023-08-11 09:22:08",85762,0.39,-0.61,0.25,20.38,0
"2023-08-11 09:22:08.5",85763,0.41,-0.43,0.06,20.35,0
"2023-08-11 09:22:09",85764,0.31,-0.49,0.22,20.35,0
"2023-08-11 09:22:09.5",85765,0.59,-0.38,0.22,20.35,0
"2023-08-11 09:22:10",85766,0.71,-0.45,0.24,20.36,0
"2023-08-11 09:22:10.5",85767,0.53,-0.44,0.24,20.43,0
"2023-08-11 09:22:11",85768,0.46,-0.32,0.06,20.43,0
"2023-08-11 09:22:11.5",85769,0.45,-0.4,0.24,20.48,0
"2023-08-11 09:22:12",85770,0.34,-0.42,0.32,20.43,0
"2023-08-11 09:22:12.5",85771,0.39,-0.35,0.3,20.52,0
"2023-08-11 09:22:13",85772,0.36,-0.39,0.28,20.48,0
"2023-08-11 09:22:13.5",85773,0.31,-0.39,0.23,20.38,0
"2023-08-11 09:22:14",85774,0.29,-0.34,0.28,20.43,0
"2023-08-11 09:22:14.5",85775,0.33,-0.24,0.16,20.47,0
"2023-08-11 09:22:15",85776,0.2,-0.27,0.11,20.47,0
"2023-08-11 09:22:15.5",85777,0.14,-0.1,-0.05,20.45,0
"2023-08-11 09:22:16",85778,0.27,-0.02,0,20.43,0
"2023-08-11 09:22:16.5",85779,0.19,-0.1,0,20.45,0
"2023-08-11 09:22:17",85780,0.13,-0.01,-0.05,20.45,0
"2023-08-11 09:22:17.5",85781,0.18,-0.18,-0.01,20.5,0
"2023-08-11 09:22:18",85782,0.33,-0.22,-0.11,20.52,0
"2023-08-11 09:22:18.5",85783,0.29,-0.05,0.1,20.38,0
"2023-08-11 09:22:19",85784,0.33,-0.27,0.04,20.59,0
"2023-08-11 09:22:19.5",85785,0.55,-0.26,0,20.5,0
"2023-08-11 09:22:20",85786,0.43,-0.17,-0.01,20.7,0
"2023-08-11 09:22:20.5",85787,0.46,-0.21,0.09,20.53,0
"2023-08-11 09:22:21",85788,0.39,-0.18,0.09,20.43,0
"2023-08-11 09:22:21.5",85789,0.39,-0.18,0.09,20.43,0
"2023-08-11 09:22:22",85790,0.4,-0.19,0.15,20.35,0
"2023-08-11 09:22:22.5",85791,0.42,-0.17,0.16,20.38,0
"2023-08-11 09:22:23",85792,0.25,-0.22,0.12,20.41,0
"2023-08-11 09:22:23.5",85793,0.45,-0.37,0.28,20.38,0
"2023-08-11 09:22:24",85794,0.41,-0.28,0.23,20.38,0
"2023-08-11 09:22:24.5",85795,0.24,-0.35,0.3,20.29,0
"2023-08-11 09:22:25",85796,0.33,-0.24,0.3,20.52,0
"2023-08-11 09:22:25.5",85797,0.16,-0.32,0.3,20.47,0
"2023-08-11 09:22:26",85798,0.1,-0.16,0.3,20.57,0
"2023-08-11 09:22:26.5",85799,-0.1,-0.18,0.22,20.5,0
"2023-08-11 09:22:27",85800,-0.02,-0.09,0.24,20.59,0
"2023-08-11 09:22:27.5",85801,-0.14,-0.22,0.26,20.4,0
"2023-08-11 09:22:28",85802,-0.16,-0.41,0.23,20.59,0
"2023-08-11 09:22:28.5",85803,-0.24,-0.38,0.15,20.38,0
"2023-08-11 09:22:29",85804,-0.27,-0.54,0.32,20.38,0
"2023-08-11 09:22:29.5",85805,-0.15,-0.46,0.17,20.35,0
"2023-08-11 09:22:30",85806,-0.32,-0.45,0.13,20.98,0
"2023-08-11 09:22:30.5",85807,-0.57,-0.47,-0.02,21.06,0
"2023-08-11 09:22:31",85808,-0.6,-0.44,-0.04,21.1,0
"2023-08-11 09:22:31.5",85809,-0.45,-0.56,0.01,21.13,0
"2023-08-11 09:22:32",85810,-0.44,-0.35,-0.2,21.1,0
"2023-08-11 09:22:32.5",85811,-0.66,-0.26,-0.09,21.1,0
"2023-08-11 09:22:33",85812,-0.56,-0.09,-0.11,21.01,0
"2023-08-11 09:22:33.5",85813,-0.57,-0.13,0.11,21.34,0
"2023-08-11 09:22:34",85814,-0.56,-0.35,0.23,21.68,0
"2023-08-11 09:22:34.5",85815,-0.88,-0.09,0.07,21.42,0
"2023-08-11 09:22:35",85816,-0.95,-0.14,0.07,21.15,0
"2023-08-11 09:22:35.5",85817,-0.88,-0.18,0,21.17,0
"2023-08-11 09:22:36",85818,-0.8,-0.19,0.11,21.11,0
"2023-08-11 09:22:36.5",85819,-0.68,0.05,-0.02,21.1,0
"2023-08-11 09:22:37",85820,-0.88,-0.09,0.07,21.25,0
"2023-08-11 09:22:37.5",85821,-0.73,-0.1,0.07,21.2,0
"2023-08-11 09:22:38",85822,-0.81,-0.23,0.07,21.15,0
"2023-08-11 09:22:38.5",85823,-0.76,-0.36,0.24,21.25,0
"2023-08-11 09:22:39",85824,-0.86,-0.02,0.22,21.18,0
"2023-08-11 09:22:39.5",85825,-0.82,-0.06,0.31,21.46,0
"2023-08-11 09:22:40",85826,-0.85,-0.09,0.36,21.46,0
"2023-08-11 09:22:40.5",85827,-0.93,-0.22,0.21,21.22,0
"2023-08-11 09:22:41",85828,-1.03,-0.32,0.25,21.34,0
"2023-08-11 09:22:41.5",85829,-0.7,-0.28,0.23,21.68,0
"2023-08-11 09:22:42",85830,-0.66,-0.26,0.1,21.46,0
"2023-08-11 09:22:42.5",85831,-0.64,-0.41,0.03,21.29,0
"2023-08-11 09:22:43",85832,-1.01,-0.4,-0.19,21.41,0
"2023-08-11 09:22:43.5",85833,-1.3,-0.61,0.01,21.37,0
"2023-08-11 09:22:44",85834,-1.08,-0.49,-0.17,21.32,0
"2023-08-11 09:22:44.5",85835,-1.03,-0.54,0.04,21.29,0
"2023-08-11 09:22:45",85836,-1.11,-0.5,0.28,21.3,0
"2023-08-11 09:22:45.5",85837,-1.07,-0.09,-0.13,21.25,0
"2023-08-11 09:22:46",85838,-0.84,-0.22,-0.03,21.29,0
"2023-08-11 09:22:46.5",85839,-0.86,-0.28,0.21,21.29,0
"2023-08-11 09:22:47",85840,-0.7,-0.05,-0.02,21.23,0
"2023-08-11 09:22:47.5",85841,-0.82,-0.1,-0.09,21.29,0
"2023-08-11 09:22:48",85842,-0.85,-0.14,0.03,21.32,0
"2023-08-11 09:22:48.5",85843,-0.77,-0.24,0.22,21.51,0
"2023-08-11 09:22:49",85844,-0.51,-0.12,0.09,21.37,0
"2023-08-11 09:22:49.5",85845,-0.65,-0.17,0.12,21.34,0
"2023-08-11 09:22:50",85846,-0.61,-0.27,0,21.34,0
"2023-08-11 09:22:50.5",85847,-0.61,-0.26,-0.13,21.34,0
"2023-08-11 09:22:51",85848,-0.49,-0.09,0.11,21.34,0
"2023-08-11 09:22:51.5",85849,-0.32,-0.11,0.06,21.34,0
"2023-08-11 09:22:52",85850,-0.36,-0.17,0.13,21.34,0
"2023-08-11 09:22:52.5",85851,-0.36,-0.29,0.16,21.39,0
"2023-08-11 09:22:53",85852,-0.44,-0.35,0.24,21.42,0
"2023-08-11 09:22:53.5",85853,-0.4,-0.08,-0.01,21.59,0
"2023-08-11 09:22:54",85854,-0.35,-0.02,0.12,21.66,0
"2023-08-11 09:22:54.5",85855,-0.26,-0.08,0.28,21.87,0
"2023-08-11 09:22:55",85856,-0.53,0.01,0.09,21.47,0
"2023-08-11 09:22:55.5",85857,-0.5,0.05,0.04,21.42,0
"2023-08-11 09:22:56",85858,-0.32,-0.09,0.24,21.97,0
"2023-08-11 09:22:56.5",85859,-0.32,-0.04,0.06,21.51,0
"2023-08-11 09:22:57",85860,-0.33,0.04,-0.09,21.47,0
"2023-08-11 09:22:57.5",85861,-0.27,0.02,-0.01,21.39,0
"2023-08-11 09:22:58",85862,-0.23,-0.04,0.02,21.39,0
"2023-08-11 09:22:58.5",85863,-0.39,-0.13,0.24,21.92,0
"2023-08-11 09:22:59",85864,-0.41,-0.09,0.35,22,0
"2023-08-11 09:22:59.5",85865,-0.5,-0.23,0.35,21.61,0
"2023-08-11 09:23:00",85866,-0.45,-0.24,0.4,21.88,0
"2023-08-11 09:23:00.5",85867,-0.41,-0.23,0.38,21.87,0
"2023-08-11 09:23:01",85868,-0.23,-0.23,0.31,21.88,0
"2023-08-11 09:23:01.5",85869,-0.32,-0.09,0.31,22,0
"2023-08-11 09:23:02",85870,-0.47,-0.03,0.16,21.64,0
"2023-08-11 09:23:02.5",85871,-0.52,-0.04,0,21.56,0
"2023-08-11 09:23:03",85872,-0.41,-0.09,0.14,21.59,0
"2023-08-11 09:23:03.5",85873,-0.32,-0.09,0.31,22,0
"2023-08-11 09:23:04",85874,0,0,0.22,22.18,0
"2023-08-11 09:23:04.5",85875,-0.13,0.09,0.33,22.21,0
"2023-08-11 09:23:05",85876,-0.21,0.05,0.4,22.18,0
"2023-08-11 09:23:05.5",85877,-0.62,0.08,0.49,22.28,0
"2023-08-11 09:23:06",85878,-0.43,0.22,0.38,22.19,0
"2023-08-11 09:23:06.5",85879,-0.64,0.21,0.47,22.24,0
"2023-08-11 09:23:07",85880,-0.35,0.22,0.47,22.14,0
"2023-08-11 09:23:07.5",85881,-0.27,0.45,0.35,22.18,0
"2023-08-11 09:23:08",85882,-0.42,0.66,0.4,21.95,0
"2023-08-11 09:23:08.5",85883,-0.23,0.49,0.37,21.2,0
"2023-08-11 09:23:09",85884,-0.6,0.78,0.44,21.06,0
"2023-08-11 09:23:09.5",85885,-0.5,0.88,0.29,21.11,0
"2023-08-11 09:23:10",85886,-0.37,0.92,0.58,21.29,0
"2023-08-11 09:23:10.5",85887,-0.13,0.66,0.67,21.46,0
"2023-08-11 09:23:11",85888,-0.24,0.73,0.37,21.32,0
"2023-08-11 09:23:11.5",85889,-0.34,1.16,0.41,21.06,0
"2023-08-11 09:23:12",85890,-0.67,1.22,0.45,21.01,0
"2023-08-11 09:23:12.5",85891,-0.94,0.93,0.34,21.06,0
"2023-08-11 09:23:13",85892,-0.72,1,0.29,21.06,0
"2023-08-11 09:23:13.5",85893,-0.77,0.96,0.38,21.05,0
"2023-08-11 09:23:14",85894,-0.68,1.15,0.35,21.17,0
"2023-08-11 09:23:14.5",85895,-1.04,0.82,0.11,21.37,0
"2023-08-11 09:23:15",85896,-0.95,0.76,0.36,21.39,0
"2023-08-11 09:23:15.5",85897,-0.83,0.73,0.32,21.2,0
"2023-08-11 09:23:16",85898,-1.08,0.44,0.25,21.73,0
"2023-08-11 09:23:16.5",85899,-0.92,0.44,0.27,21.68,0
"2023-08-11 09:23:17",85900,-0.82,0.26,0.3,21.56,0
"2023-08-11 09:23:17.5",85901,-0.9,0.45,0.26,21.83,0
"2023-08-11 09:23:18",85902,-0.59,0.55,0.65,21.47,0
"2023-08-11 09:23:18.5",85903,-0.81,0.42,0.44,21.46,0
"2023-08-11 09:23:19",85904,-0.98,0.86,0.49,21.18,0
"2023-08-11 09:23:19.5",85905,-0.84,0.95,0.56,21.1,0
"2023-08-11 09:23:20",85906,-1.12,0.69,0.46,21.34,0
"2023-08-11 09:23:20.5",85907,-0.86,1.06,0.37,21.25,0
"2023-08-11 09:23:21",85908,-1.48,1.12,0.5,21.22,0
"2023-08-11 09:23:21.5",85909,-1.33,0.78,0.4,21.22,0
"2023-08-11 09:23:22",85910,-1.13,0.49,0.16,21.1,0
"2023-08-11 09:23:22.5",85911,-0.57,0.9,-0.04,21.11,0
"2023-08-11 09:23:23",85912,-0.97,1.03,0.03,21.17,0
"2023-08-11 09:23:23.5",85913,-1.15,1.15,-0.15,21.37,0
"2023-08-11 09:23:24",85914,-1.03,1.03,-0.24,21.42,0
"2023-08-11 09:23:24.5",85915,-0.94,0.91,-0.16,21.29,0
"2023-08-11 09:23:25",85916,-0.51,0.94,-0.2,21.23,0
"2023-08-11 09:23:25.5",85917,-0.45,0.88,0.34,21.29,0
"2023-08-11 09:23:26",85918,-0.52,1.14,0.06,20.98,0
"2023-08-11 09:23:26.5",85919,-0.54,1.27,-0.04,21.1,0
"2023-08-11 09:23:27",85920,-0.55,1.01,-0.02,20.98,0
"2023-08-11 09:23:27.5",85921,-0.75,1.18,-0.02,21.11,0
"2023-08-11 09:23:28",85922,-0.75,1.19,-0.07,21.15,0
"2023-08-11 09:23:28.5",85923,-0.71,1.12,-0.17,21.15,0
"2023-08-11 09:23:29",85924,-0.52,1.31,0.12,21.11,0
"2023-08-11 09:23:29.5",85925,-0.68,1.25,0.17,21.23,0
"2023-08-11 09:23:30",85926,-0.38,0.99,0,21.22,0
"2023-08-11 09:23:30.5",85927,-0.62,0.96,-0.14,21.25,0
"2023-08-11 09:23:31",85928,-0.51,0.94,-0.3,21.32,0
"2023-08-11 09:23:31.5",85929,-0.6,1.04,-0.24,21.1,0
"2023-08-11 09:23:32",85930,-0.82,0.83,-0.04,21.11,0
"2023-08-11 09:23:32.5",85931,-0.63,0.95,-0.14,21.1,0
"2023-08-11 09:23:33",85932,-0.66,0.91,-0.06,21.03,0
"2023-08-11 09:23:33.5",85933,-0.71,0.86,-0.06,21.03,0
"2023-08-11 09:23:34",85934,-0.74,0.95,-0.06,20.93,0
"2023-08-11 09:23:34.5",85935,-0.92,0.95,-0.13,20.93,0
"2023-08-11 09:23:35",85936,-0.78,1.18,0,21.1,0
"2023-08-11 09:23:35.5",85937,-0.82,0.99,0.2,21.06,0
"2023-08-11 09:23:36",85938,-0.78,1.09,0.16,21.15,0
"2023-08-11 09:23:36.5",85939,-0.3,1.1,-0.02,21.06,0
"2023-08-11 09:23:37",85940,-0.73,1.11,0.12,21.18,0
"2023-08-11 09:23:37.5",85941,-0.5,1.15,-0.01,21.29,0
"2023-08-11 09:23:38",85942,-0.32,0.92,-0.09,21.29,0
"2023-08-11 09:23:38.5",85943,-0.69,1.03,-0.11,21.34,0
"2023-08-11 09:23:39",85944,-0.62,0.98,-0.04,21.37,0
"2023-08-11 09:23:39.5",85945,-0.53,0.85,0.05,21.39,0
"2023-08-11 09:23:40",85946,-0.32,0.92,-0.09,21.29,0
"2023-08-11 09:23:40.5",85947,-0.35,0.78,-0.19,21.34,0
"2023-08-11 09:23:41",85948,-0.36,0.94,-0.2,21.17,0
"2023-08-11 09:23:41.5",85949,-0.7,0.89,-0.04,21.23,0
"2023-08-11 09:23:42",85950,-0.64,0.77,-0.2,21.18,0
"2023-08-11 09:23:42.5",85951,-0.97,0.64,-0.21,21.41,0
"2023-08-11 09:23:43",85952,-1.01,0.81,-0.16,21.37,0
"2023-08-11 09:23:43.5",85953,-0.82,0.66,-0.29,21.37,0
"2023-08-11 09:23:44",85954,-0.91,0.57,-0.22,21.47,0
"2023-08-11 09:23:44.5",85955,-0.96,0.69,-0.04,21.59,0
"2023-08-11 09:23:45",85956,-1.02,0.65,-0.02,21.64,0
"2023-08-11 09:23:45.5",85957,-0.94,0.78,0.05,21.11,0
"2023-08-11 09:23:46",85958,-0.92,0.86,0.15,21.2,0
"2023-08-11 09:23:46.5",85959,-1.09,0.86,0.11,21.1,0
"2023-08-11 09:23:47",85960,-0.98,0.9,0.16,21.03,0
"2023-08-11 09:23:47.5",85961,-0.85,1.06,0,21.03,0
"2023-08-11 09:23:48",85962,-0.72,1.1,0.22,20.93,0
"2023-08-11 09:23:48.5",85963,-0.93,0.82,-0.22,21.15,0
"2023-08-11 09:23:49",85964,-1.12,0.65,-0.05,21.23,0
"2023-08-11 09:23:49.5",85965,-1.51,0.5,-0.23,21.49,0
"2023-08-11 09:23:50",85966,-1.33,0.4,-0.47,21.51,0
"2023-08-11 09:23:50.5",85967,-1.47,0.7,-0.21,21.73,0
"2023-08-11 09:23:51",85968,-0.97,0.74,-0.2,21.46,0
"2023-08-11 09:23:51.5",85969,-0.91,0.77,-0.13,21.42,0
"2023-08-11 09:23:52",85970,-0.9,0.97,-0.17,21.49,0
"2023-08-11 09:23:52.5",85971,-0.89,0.76,0.4,21.51,0
"2023-08-11 09:23:53",85972,-1.32,0.26,0.34,21.7,0
"2023-08-11 09:23:53.5",85973,-1.32,0.38,0.3,21.56,0
"2023-08-11 09:23:54",85974,-1.29,0,0.08,21.61,0
"2023-08-11 09:23:54.5",85975,-1.11,0.04,-0.15,21.47,0
"2023-08-11 09:23:55",85976,-1.21,-0.09,0.14,21.51,0
"2023-08-11 09:23:55.5",85977,-1.1,-0.01,0.17,21.47,0
"2023-08-11 09:23:56",85978,-1.24,0.05,0.15,21.64,0
"2023-08-11 09:23:56.5",85979,-1.47,0.44,0.41,22.12,0
"2023-08-11 09:23:57",85980,-1.7,0.22,0.49,21.75,0
"2023-08-11 09:23:57.5",85981,-1.77,0.48,0.35,21.05,0
"2023-08-11 09:23:58",85982,-1.55,0.82,0.14,20.88,0
"2023-08-11 09:23:58.5",85983,-1.37,1.11,-0.2,20.76,0
"2023-08-11 09:23:59",85984,-1.31,0.99,0.25,21.47,0
"2023-08-11 09:23:59.5",85985,-1.2,1.02,0.15,20.65,0
"2023-08-11 09:24:00",85986,-0.76,1.01,0.23,20.67,0
"2023-08-11 09:24:00.5",85987,-0.91,0.79,-0.04,20.69,0
"2023-08-11 09:24:01",85988,-1.6,0.93,-0.07,20.74,0
"2023-08-11 09:24:01.5",85989,-2.01,1.4,-0.09,20.83,0
"2023-08-11 09:24:02",85990,-1.93,1.22,-0.18,20.74,0
"2023-08-11 09:24:02.5",85991,-1.88,1.34,-0.24,20.86,0
"2023-08-11 09:24:03",85992,-1.88,1.24,-0.4,20.74,0
"2023-08-11 09:24:03.5",85993,-1.72,1.34,-0.44,20.93,0
"2023-08-11 09:24:04",85994,-1.59,1.23,-0.06,21,0
"2023-08-11 09:24:04.5",85995,-1.54,0.92,-0.55,21.25,0
"2023-08-11 09:24:05",85996,-1.72,1,-0.55,21.06,0
"2023-08-11 09:24:05.5",85997,-2.09,1.41,-0.46,20.97,0
"2023-08-11 09:24:06",85998,-2.09,1.04,-0.55,20.97,0
"2023-08-11 09:24:06.5",85999,-2.01,1.37,-0.53,21.01,0
"2023-08-11 09:24:07",86000,-1.49,1.28,-0.15,20.93,0
"2023-08-11 09:24:07.5",86001,-1.5,0.93,-0.43,21.08,0
"2023-08-11 09:24:08",86002,-1.56,0.96,-0.44,21.13,0
"2023-08-11 09:24:08.5",86003,-1.51,0.77,-0.44,21.23,0
"2023-08-11 09:24:09",86004,-1.24,0.9,-0.55,21.13,0
"2023-08-11 09:24:09.5",86005,-1.58,0.93,-0.47,21.05,0
"2023-08-11 09:24:10",86006,-1.75,0.9,-0.11,20.96,0
"2023-08-11 09:24:10.5",86007,-1.83,0.53,-0.48,21.13,0
"2023-08-11 09:24:11",86008,-1.25,1.11,-0.19,21.32,0
"2023-08-11 09:24:11.5",86009,-1.31,0.97,0.02,21.23,0
"2023-08-11 09:24:12",86010,-1.35,0.89,-0.22,21.2,0
"2023-08-11 09:24:12.5",86011,-1.22,1.01,-0.15,21.23,0
"2023-08-11 09:24:13",86012,-1.42,0.85,-0.25,21.05,0
"2023-08-11 09:24:13.5",86013,-1.35,0.81,-0.32,21.11,0
"2023-08-11 09:24:14",86014,-1.25,1.04,-0.2,21.1,0
"2023-08-11 09:24:14.5",86015,-1.24,0.84,-0.26,21.18,0
"2023-08-11 09:24:15",86016,-1.09,0.9,0.12,21.23,0
"2023-08-11 09:24:15.5",86017,-1.1,0.77,-0.04,21.27,0
"2023-08-11 09:24:16",86018,-1.01,0.81,-0.41,20.62,0
"2023-08-11 09:24:16.5",86019,-1.33,0.94,-0.29,20.82,0
"2023-08-11 09:24:17",86020,-1.16,0.6,-0.65,20.57,0
"2023-08-11 09:24:17.5",86021,-0.94,0.72,-0.3,20.57,0
"2023-08-11 09:24:18",86022,-0.92,0.86,-0.04,20.57,0
"2023-08-11 09:24:18.5",86023,-0.86,0.61,-0.3,20.57,0
"2023-08-11 09:24:19",86024,-0.8,0.51,-0.25,20.57,0
"2023-08-11 09:24:19.5",86025,-0.76,0.44,-0.11,20.65,0
"2023-08-11 09:24:20",86026,-1.09,0.32,-0.14,20.96,0
"2023-08-11 09:24:20.5",86027,-1.03,0.21,-0.06,20.98,0
"2023-08-11 09:24:21",86028,-0.98,0.21,-0.09,21.01,0
"2023-08-11 09:24:21.5",86029,-1.08,0.17,0.13,21.15,0
"2023-08-11 09:24:22",86030,-1.04,0.3,0.15,21.18,0
"2023-08-11 09:24:22.5",86031,-1.24,0.26,-0.02,21.11,0
"2023-08-11 09:24:23",86032,-1.11,0.25,0.05,21.2,0
"2023-08-11 09:24:23.5",86033,-1.01,-0.16,-0.35,21.41,0
"2023-08-11 09:24:24",86034,-1.23,0.03,-0.62,21.15,0
"2023-08-11 09:24:24.5",86035,-1.59,0.51,-0.56,21.23,0
"2023-08-11 09:24:25",86036,-1.18,0.3,-0.58,21.32,0
"2023-08-11 09:24:25.5",86037,-1.25,0.07,-0.44,21.2,0
"2023-08-11 09:24:26",86038,-1.62,0.3,-0.51,21.18,0
"2023-08-11 09:24:26.5",86039,-1.74,0.24,-0.25,21.13,0
"2023-08-11 09:24:27",86040,-2.01,0.07,-0.07,21.13,0
"2023-08-11 09:24:27.5",86041,-1.36,0.45,0.07,21.29,0
"2023-08-11 09:24:28",86042,-1.52,0.16,-0.23,21.37,0
"2023-08-11 09:24:28.5",86043,-1.41,0.29,-0.04,21.25,0
"2023-08-11 09:24:29",86044,-1.45,-0.06,-0.42,21.29,0
"2023-08-11 09:24:29.5",86045,-1.26,0,-0.57,20.98,0
"2023-08-11 09:24:30",86046,-1.38,-0.1,-0.41,21.01,0
"2023-08-11 09:24:30.5",86047,-1.29,0.21,-0.23,21.13,0
"2023-08-11 09:24:31",86048,-1.25,0.25,-0.37,21.06,0
"2023-08-11 09:24:31.5",86049,-1.21,0.38,-0.12,21.13,0
